# xang  pot D_x     sigma
# 210-far
# taken from:
#   https://indico.cern.ch/event/682919/contributions/2798623/attachments/1563319/2462326/2017_11_22_Final_dispersion_with_strips.pdf
120.0   002 -9.145  0.23
120.0   003 -9.145  0.23
120.0   022 -9.145  0.23
120.0   023 -9.145  0.23
120.0   102 -7.291  0.3
120.0   103 -7.291  0.3
120.0   122 -7.291  0.3
120.0   123 -7.291  0.3
130.0   002 -8.591  0.29
130.0   003 -8.591  0.29
130.0   022 -8.591  0.29
130.0   023 -8.591  0.29
130.0   102 -6.621  0.3
130.0   103 -6.621  0.3
130.0   122 -6.621  0.3
130.0   123 -6.621  0.3
140.0   002 -8.226  0.25
140.0   003 -8.226  0.25
140.0   022 -8.226  0.25
140.0   023 -8.226  0.25
140.0   102 -6.191  0.3
140.0   103 -6.191  0.3
140.0   122 -6.191  0.3
140.0   123 -6.191  0.3

